Time	SW	Snore	Flow	SpO2_Events	HR	Position	Activity	SpO2	Thorax	Abdomen	Pleth	Pulse
23:00:00	Wake	585	-1.93	2	65	Upright	69	91	2.24	1.69	0.84	100
23:00:30	Sleep	39	-1.22	1	85	Right	24	98	0.84	2.12	1.13	80
23:01:00	Wake	232	-1.36	1	72	Right	103	92	2.11	1.83	1.03	96
23:01:30	Sleep	422	-1.65	1	69	Upright	185	98	2.42	1.27	0.81	68
23:02:00	Wake	277	0.79	1	67	Left	12	99	1.37	1.84	1.09	61
23:02:30	Wake	548	1.07	1	65	Right	36	91	2.02	2.31	1.09	77
23:03:00	Wake	168	-1.65	2	75	Right	148	90	1.67	1.7	0.99	70
23:03:30	Wake	320	1.81	0	80	Right	19	90	1.14	1.65	0.85	91
23:04:00	Wake	203	0.32	3	70	Upright	62	95	0.62	0.79	1.1	58
23:04:30	Wake	224	1.11	2	72	Left	127	93	2.08	0.75	0.99	74
23:05:00	Sleep	588	-1.26	1	57	Right	199	94	1.77	0.58	1.16	71
23:05:30	Sleep	91	-1.47	1	63	Right	119	94	1.24	0.57	1.17	73
23:06:00	Sleep	460	0.04	3	70	Supine	141	95	2.37	1.26	1.1	92
23:06:30	Wake	399	1.42	1	99	Supine	57	99	2.12	1.76	0.98	92
23:07:00	Wake	304	0.49	3	62	Left	164	91	1.39	1.66	0.88	56
23:07:30	Wake	70	-0.77	2	79	Right	85	90	1.6	2.37	1.04	59
23:08:00	Sleep	361	-0.02	2	60	Right	39	96	1.85	0.6	0.88	84
23:08:30	Wake	69	1.28	2	55	Upright	104	97	0.63	1.22	1.11	92
23:09:00	Wake	27	-0.33	3	71	Left	29	97	2.28	1.48	1.02	55
23:09:30	Sleep	512	0.68	2	69	Supine	187	91	1.42	1.14	1.02	70
23:10:00	Wake	86	0.28	1	58	Right	165	97	1.04	1.3	0.95	59
23:10:30	Sleep	19	-1.08	2	95	Supine	27	90	2.39	1.76	1.05	61
23:11:00	Wake	476	-0.15	1	95	Supine	114	95	1.15	2.21	1.02	70
23:11:30	Wake	596	-0.81	2	68	Left	21	97	1.08	1.28	1.09	66
23:12:00	Sleep	511	-0.11	2	82	Supine	135	98	2.2	1.15	0.89	77
23:12:30	Sleep	366	1.01	1	55	Right	144	95	2.2	1.3	1.05	71
23:13:00	Wake	375	0.51	1	57	Upright	57	92	2.05	0.53	0.99	59
23:13:30	Sleep	114	0.78	0	90	Upright	80	91	0.55	1.63	0.87	69
23:14:00	Sleep	491	0.34	2	58	Supine	164	99	1.39	1.95	1.05	60
23:14:30	Wake	209	0.19	3	61	Right	13	90	1.26	0.59	0.87	59
23:15:00	Sleep	481	1.19	3	80	Right	28	94	0.97	1.28	0.97	56
23:15:30	Sleep	170	-1.02	2	56	Upright	11	93	0.61	1.74	1.15	87
23:16:00	Wake	106	0.07	2	93	Supine	13	93	2.26	2.18	0.97	85
23:16:30	Wake	260	-0.44	0	72	Upright	0	93	1.75	2.17	1.07	85
23:17:00	Wake	452	0.78	3	63	Upright	147	96	1.28	0.61	0.85	91
23:17:30	Wake	567	-1.35	1	86	Left	162	98	1.65	2.23	1.18	87
23:18:00	Wake	529	-1.55	1	56	Upright	97	97	0.65	1.94	1.05	84
23:18:30	Sleep	583	0.27	1	99	Upright	16	92	1.7	2.34	1.04	93
23:19:00	Sleep	228	-1.51	0	82	Right	190	90	2.28	2.19	0.92	86
23:19:30	Wake	474	-1.29	3	57	Right	55	98	2.12	0.83	1.08	91
23:20:00	Wake	250	-0.79	2	55	Upright	120	99	1.8	1.74	1.14	97
23:20:30	Sleep	179	-0.59	1	86	Left	116	91	2.06	1.93	1.15	93
23:21:00	Wake	273	-0.43	0	83	Upright	85	98	1.82	1.1	1.1	75
23:21:30	Wake	416	-1.91	1	67	Left	42	93	2.18	1.16	0.83	95
23:22:00	Wake	550	-0.97	1	96	Upright	136	93	0.58	1.71	1.06	65
23:22:30	Wake	340	1.29	3	78	Left	128	98	0.78	1.93	0.9	91
23:23:00	Wake	249	1.69	0	82	Upright	74	96	1.12	0.94	0.89	91
23:23:30	Wake	533	0.75	0	70	Upright	112	97	0.61	1.34	1.01	69
23:24:00	Sleep	585	-1.78	0	81	Right	69	94	2.24	0.68	0.91	89
23:24:30	Sleep	334	1.83	3	97	Right	199	98	2.27	0.68	1.12	85
23:25:00	Sleep	369	0.85	0	74	Supine	9	92	2.21	1.94	1.19	69
23:25:30	Wake	490	1.08	0	97	Supine	195	100	1.01	1.19	1.1	58
23:26:00	Wake	222	0.04	2	65	Supine	111	91	2.16	2.31	0.82	76
23:26:30	Wake	27	-0.91	2	92	Upright	75	92	1.81	0.96	1.08	62
23:27:00	Wake	352	0.61	0	63	Upright	105	94	1.01	1.97	1.07	79
23:27:30	Sleep	191	0.98	3	62	Right	131	95	1.38	1.94	1.09	98
23:28:00	Wake	458	0.01	0	62	Supine	197	98	1.35	1.78	1.16	87
23:28:30	Wake	125	1.25	0	99	Left	192	99	0.53	1.74	0.89	74
23:29:00	Wake	469	1.0	2	67	Right	10	91	0.78	1.68	1.01	90
23:29:30	Wake	382	-0.91	2	91	Upright	130	92	1.39	1.62	1.0	98
23:30:00	Wake	503	0.65	0	91	Left	86	96	1.23	1.16	0.98	77
23:30:30	Wake	422	1.64	2	78	Supine	183	98	1.55	2.1	1.13	92
23:31:00	Sleep	444	0.9	2	61	Left	87	96	2.48	2.06	1.0	97
23:31:30	Wake	308	0.41	1	86	Supine	52	93	1.11	1.91	1.06	57
23:32:00	Sleep	172	-0.66	2	91	Supine	141	95	1.77	1.28	0.92	66
23:32:30	Sleep	291	1.71	1	67	Upright	185	97	1.8	1.65	0.99	57
23:33:00	Sleep	302	-1.34	1	83	Left	54	99	0.53	0.73	0.91	76
23:33:30	Sleep	472	1.42	0	81	Upright	87	97	1.22	2.48	1.13	58
23:34:00	Sleep	39	1.3	3	70	Upright	130	94	1.16	1.09	0.91	86
23:34:30	Sleep	423	-1.37	1	66	Left	197	96	1.5	2.05	1.11	61
23:35:00	Wake	484	-0.87	3	76	Left	78	97	2.07	1.83	1.0	92
23:35:30	Wake	598	0.83	1	86	Left	159	98	1.47	2.32	0.94	71
23:36:00	Sleep	54	-1.76	0	93	Supine	171	92	2.29	1.7	0.98	97
23:36:30	Sleep	437	0.8	2	56	Supine	51	90	0.62	1.98	1.08	56
23:37:00	Wake	106	1.76	2	97	Upright	75	93	0.62	1.61	0.9	91
23:37:30	Sleep	504	0.51	3	76	Right	24	97	1.06	1.12	0.82	61
23:38:00	Wake	332	-1.48	2	66	Right	3	99	1.92	2.46	1.03	98
23:38:30	Wake	409	0.41	1	95	Right	75	100	1.77	1.95	0.87	85
23:39:00	Sleep	293	1.32	0	58	Right	134	93	1.48	2.2	1.12	78
23:39:30	Sleep	287	-1.35	2	97	Upright	111	95	2.27	0.9	0.88	79
23:40:00	Wake	199	-1.3	1	56	Supine	168	97	1.81	1.34	0.83	67
23:40:30	Wake	57	0.42	1	81	Upright	120	93	1.47	1.3	0.88	78
23:41:00	Wake	285	-0.54	0	73	Upright	17	91	1.67	0.65	1.16	58
23:41:30	Sleep	582	1.54	3	56	Supine	156	93	1.71	2.46	0.81	56
23:42:00	Sleep	211	0.93	3	85	Left	56	98	1.66	0.77	0.87	77
23:42:30	Sleep	209	0.96	2	86	Right	146	90	1.74	1.15	0.81	71
23:43:00	Wake	454	0.53	2	66	Supine	131	95	1.05	1.9	1.1	72
23:43:30	Wake	302	0.97	3	95	Left	106	91	2.19	2.16	1.06	82
23:44:00	Wake	487	1.82	2	76	Left	81	94	0.87	1.03	1.03	79
23:44:30	Sleep	29	1.94	1	66	Supine	166	99	2.11	1.55	1.03	68
23:45:00	Sleep	320	0.24	2	73	Right	11	100	1.34	1.52	0.97	63
23:45:30	Wake	347	-1.44	2	86	Left	113	96	1.66	2.13	1.19	97
23:46:00	Wake	57	1.55	3	78	Supine	89	93	0.89	1.27	1.17	86
23:46:30	Wake	208	1.35	3	76	Supine	63	91	2.46	1.09	1.2	89
23:47:00	Sleep	208	1.76	2	56	Supine	193	91	1.78	0.81	1.15	92
23:47:30	Wake	186	1.47	2	74	Supine	91	96	0.86	1.03	0.98	68
23:48:00	Wake	2	-0.34	1	62	Right	155	93	1.14	1.06	1.11	83
23:48:30	Sleep	172	-1.63	2	92	Left	42	91	0.8	0.96	1.0	80
23:49:00	Sleep	518	1.38	3	81	Left	187	100	1.65	1.03	0.97	55
23:49:30	Wake	377	-0.79	1	55	Right	200	98	2.46	0.74	1.08	84
23:50:00	Wake	381	-0.11	1	83	Left	98	98	2.22	1.55	1.12	56
23:50:30	Sleep	254	-1.07	3	73	Supine	78	90	2.08	0.83	1.13	77
23:51:00	Sleep	254	1.98	3	83	Left	36	100	0.69	1.94	0.88	88
23:51:30	Wake	317	1.15	3	96	Supine	35	100	0.79	1.22	1.02	84
23:52:00	Sleep	581	-1.18	3	64	Right	138	100	1.37	0.75	0.9	62
23:52:30	Wake	50	-1.69	0	77	Upright	106	96	2.32	1.71	0.81	60
23:53:00	Wake	435	1.37	3	70	Right	124	96	1.19	1.25	1.16	95
23:53:30	Wake	292	-0.74	1	97	Upright	13	100	0.5	1.99	1.1	60
23:54:00	Wake	232	0.69	2	98	Upright	81	95	1.92	1.33	1.04	85
23:54:30	Sleep	236	1.5	2	74	Supine	96	97	1.58	2.31	0.93	56
23:55:00	Sleep	563	-0.93	3	62	Left	24	96	2.28	0.92	0.82	82
23:55:30	Wake	305	-1.75	0	89	Upright	105	96	1.46	1.51	1.15	87
23:56:00	Sleep	460	1.97	1	57	Supine	96	98	0.62	1.74	1.15	85
23:56:30	Wake	65	1.58	0	76	Left	80	100	2.04	0.88	1.0	62
23:57:00	Sleep	225	0.62	1	90	Left	133	91	0.98	0.52	1.1	61
23:57:30	Sleep	108	-0.33	0	98	Right	26	92	2.08	1.51	1.2	98
23:58:00	Wake	468	-0.86	3	74	Left	62	99	0.96	1.19	0.81	60
23:58:30	Sleep	105	1.43	3	72	Supine	12	95	1.45	1.91	0.95	95
23:59:00	Sleep	385	0.56	1	85	Right	56	94	1.65	1.57	1.17	77
23:59:30	Sleep	27	-1.23	0	76	Supine	143	94	0.73	1.85	0.83	67
00:00:00	Sleep	366	0.16	0	87	Left	166	91	1.23	1.4	1.09	71
00:00:30	Wake	396	-1.56	3	83	Upright	59	94	1.54	1.0	1.04	59
00:01:00	Sleep	286	-1.71	0	65	Right	168	98	1.91	1.8	1.03	86
00:01:30	Wake	542	-1.18	1	95	Upright	66	99	1.35	2.12	1.03	75
00:02:00	Sleep	0	1.4	1	83	Left	113	96	0.88	1.8	1.2	58
00:02:30	Sleep	548	0.81	3	61	Upright	51	96	1.24	1.08	1.08	73
00:03:00	Wake	508	-0.82	1	60	Supine	162	97	2.49	1.82	0.81	91
00:03:30	Sleep	527	1.71	3	80	Supine	17	97	2.26	0.99	0.88	81
00:04:00	Sleep	462	1.09	1	60	Supine	42	93	1.14	0.51	0.92	73
00:04:30	Sleep	437	0.67	0	76	Upright	37	99	1.15	0.98	1.15	68
00:05:00	Wake	27	-0.2	0	97	Supine	159	91	0.92	1.25	1.13	77
00:05:30	Wake	358	-1.45	2	71	Left	20	96	1.49	1.78	1.06	72
00:06:00	Sleep	130	0.81	3	71	Supine	181	90	1.76	1.06	1.17	95
00:06:30	Wake	379	0.53	2	97	Supine	189	92	0.56	2.35	1.14	62
00:07:00	Sleep	130	-1.17	0	69	Left	118	94	1.37	1.18	0.86	98
00:07:30	Wake	396	0.43	2	84	Left	1	92	0.9	0.97	0.96	95
00:08:00	Wake	306	1.87	2	65	Supine	174	95	2.08	1.47	1.13	68
00:08:30	Wake	57	1.03	1	69	Right	110	99	2.28	1.67	1.12	76
00:09:00	Wake	160	-0.6	0	77	Upright	146	97	1.89	2.24	0.85	96
00:09:30	Wake	129	-1.93	3	66	Left	48	97	1.44	2.49	0.82	96
00:10:00	Wake	562	-0.73	0	89	Upright	137	95	1.33	1.68	1.1	57
00:10:30	Wake	461	-0.21	0	99	Supine	163	90	1.66	1.77	1.16	77
00:11:00	Wake	192	-0.92	3	88	Left	170	100	2.21	2.34	0.8	95
00:11:30	Sleep	436	0.04	3	55	Left	13	92	1.31	0.86	1.04	60
00:12:00	Wake	226	-0.34	0	100	Supine	38	92	0.66	1.61	1.07	95
00:12:30	Sleep	302	-1.91	3	95	Right	197	94	2.16	2.31	1.1	84
00:13:00	Wake	221	1.04	0	55	Upright	37	99	2.04	2.45	1.06	80
00:13:30	Wake	260	0.69	2	83	Supine	170	100	1.21	1.05	0.81	62
00:14:00	Wake	124	-1.28	1	96	Right	92	94	1.68	0.85	0.95	78
00:14:30	Wake	490	-1.4	1	92	Left	39	92	2.09	1.4	0.84	63
00:15:00	Sleep	470	-0.6	2	80	Upright	87	94	1.57	0.76	0.92	87
00:15:30	Sleep	43	-1.71	0	84	Right	55	91	1.43	1.04	0.97	90
00:16:00	Wake	208	-1.63	0	90	Upright	134	93	1.97	1.2	1.1	76
00:16:30	Sleep	309	0.49	0	95	Right	32	93	2.11	2.08	1.15	64
00:17:00	Wake	465	1.24	0	89	Left	58	91	1.9	2.27	0.85	55
00:17:30	Wake	297	-1.52	1	78	Upright	95	90	2.09	0.82	0.82	73
00:18:00	Wake	86	-1.06	0	79	Right	169	90	1.35	1.12	1.04	78
00:18:30	Sleep	8	-0.54	2	97	Right	165	95	0.75	1.49	1.04	77
00:19:00	Wake	403	1.9	2	70	Upright	151	92	1.48	0.98	0.93	76
00:19:30	Wake	262	1.87	1	68	Supine	155	98	2.23	1.33	0.93	88
00:20:00	Wake	370	-1.82	3	66	Right	123	97	2.35	1.63	1.19	74
00:20:30	Sleep	453	-0.98	0	98	Supine	194	98	1.94	1.09	0.81	92
00:21:00	Wake	469	-1.45	3	86	Upright	3	97	0.83	0.76	0.9	63
00:21:30	Wake	0	-0.34	2	85	Supine	46	99	1.41	2.32	0.82	99
00:22:00	Wake	362	1.87	0	56	Upright	62	91	2.05	1.5	1.12	75
00:22:30	Wake	499	0.78	3	90	Right	33	100	0.58	1.42	1.07	61
00:23:00	Sleep	436	1.73	1	95	Right	6	99	1.65	1.08	1.2	61
00:23:30	Sleep	317	-1.86	1	87	Supine	176	93	1.19	1.03	1.14	82
00:24:00	Sleep	153	0.15	3	93	Supine	33	99	1.31	0.51	0.86	82
00:24:30	Sleep	171	0.25	2	86	Supine	86	95	1.75	1.6	0.92	57
00:25:00	Sleep	563	1.7	3	100	Right	58	96	2.2	2.02	0.88	57
00:25:30	Sleep	483	1.56	1	70	Upright	112	90	0.89	0.91	1.06	75
00:26:00	Wake	193	-1.31	3	99	Left	74	94	1.12	0.55	0.94	61
00:26:30	Sleep	549	1.09	3	74	Supine	160	99	2.35	2.31	1.15	56
00:27:00	Wake	588	-1.64	0	57	Upright	68	95	1.73	0.99	1.08	63
00:27:30	Wake	25	0.67	0	71	Right	164	95	1.74	0.89	1.03	59
00:28:00	Sleep	219	-0.48	0	66	Supine	127	90	2.33	0.84	1.05	75
00:28:30	Wake	251	-1.98	3	77	Upright	85	93	2.02	1.77	1.18	75
00:29:00	Wake	565	0.68	3	81	Left	139	99	1.3	2.06	0.83	81
00:29:30	Sleep	538	-1.52	2	63	Left	164	91	1.35	1.15	0.83	78
00:30:00	Sleep	469	2.0	2	67	Upright	138	90	0.71	0.81	0.84	63
00:30:30	Sleep	499	-1.6	1	64	Right	131	98	2.22	1.28	1.11	80
00:31:00	Wake	365	-0.14	0	66	Upright	143	95	0.57	2.35	1.01	72
00:31:30	Wake	508	1.49	1	72	Supine	122	100	1.33	1.4	1.17	92
00:32:00	Wake	388	1.14	3	70	Upright	130	100	1.32	1.61	0.96	78
00:32:30	Sleep	137	1.24	1	92	Left	170	96	1.89	0.82	0.91	92
00:33:00	Wake	347	1.82	3	96	Supine	13	96	2.46	1.6	0.97	73
00:33:30	Wake	105	0.1	2	89	Supine	117	99	2.16	0.83	0.84	84
00:34:00	Sleep	444	0.46	3	60	Right	29	100	1.14	2.3	0.92	61
00:34:30	Sleep	125	-1.19	3	93	Left	64	98	1.33	0.66	0.94	55
00:35:00	Sleep	375	-1.12	0	92	Upright	23	92	0.94	1.36	1.16	66
00:35:30	Sleep	344	1.54	3	86	Left	47	95	1.68	2.34	1.18	72
00:36:00	Wake	66	1.82	1	84	Upright	64	92	2.02	1.32	1.06	85
00:36:30	Sleep	368	-0.67	2	63	Left	95	91	1.79	1.43	1.14	86
00:37:00	Sleep	227	-0.68	0	93	Left	78	100	0.61	1.66	0.89	94
00:37:30	Wake	6	-1.42	1	68	Upright	175	100	0.92	0.79	1.17	61
00:38:00	Sleep	110	1.0	1	98	Supine	105	100	1.05	1.74	1.15	61
00:38:30	Sleep	401	-0.92	3	55	Supine	84	91	1.14	1.61	1.16	74
00:39:00	Wake	295	-1.57	1	57	Supine	177	100	0.63	1.26	1.14	56
00:39:30	Wake	369	-0.47	0	59	Right	113	94	2.3	1.48	1.15	95
00:40:00	Wake	197	1.81	1	91	Upright	163	95	1.71	2.26	1.17	73
00:40:30	Wake	344	-1.26	1	74	Left	189	98	1.66	0.7	0.88	58
00:41:00	Sleep	387	0.3	3	93	Supine	37	94	2.21	2.45	0.94	61
00:41:30	Wake	513	-1.73	3	92	Upright	134	92	1.02	2.17	0.95	74
00:42:00	Wake	304	0.38	0	89	Supine	21	96	1.28	1.87	0.89	90
00:42:30	Sleep	166	-1.19	1	77	Left	60	90	1.73	1.32	0.92	92
00:43:00	Wake	394	-1.49	2	95	Left	126	93	1.67	1.09	0.89	92
00:43:30	Wake	96	0.17	3	81	Left	102	99	1.76	2.33	1.18	96
00:44:00	Sleep	271	1.98	1	60	Supine	13	100	2.14	0.96	0.88	86
00:44:30	Sleep	480	1.4	3	65	Upright	179	98	0.71	1.03	1.12	70
00:45:00	Wake	451	1.9	1	62	Supine	84	95	1.58	0.82	1.2	86
00:45:30	Wake	378	-1.62	3	91	Right	45	91	0.72	2.02	1.08	89
00:46:00	Sleep	496	-1.25	0	70	Left	101	100	0.63	0.56	1.2	66
00:46:30	Sleep	378	0.03	0	74	Right	146	90	0.59	2.26	1.14	73
00:47:00	Wake	415	-0.65	2	86	Right	62	99	1.77	1.94	1.0	73
00:47:30	Wake	153	2.0	2	91	Right	40	93	1.67	0.59	1.09	73
00:48:00	Sleep	332	-1.59	1	98	Upright	117	99	0.92	1.9	0.95	76
00:48:30	Wake	314	1.7	1	97	Upright	178	90	2.24	1.15	0.96	61
00:49:00	Sleep	13	0.13	2	72	Right	182	91	0.68	1.68	1.04	64
00:49:30	Sleep	262	-0.73	2	55	Left	190	100	2.09	1.22	1.07	83
00:50:00	Wake	333	1.38	2	97	Right	33	91	2.18	0.66	1.15	57
00:50:30	Wake	289	0.27	1	80	Supine	15	90	1.83	0.88	1.2	59
00:51:00	Wake	292	-1.49	1	100	Right	172	96	0.59	2.19	1.14	56
00:51:30	Sleep	281	0.93	1	99	Upright	157	93	1.72	1.43	1.04	84
00:52:00	Sleep	68	1.52	3	100	Upright	134	90	0.77	0.8	0.87	100
00:52:30	Sleep	345	1.71	2	78	Supine	44	96	1.75	1.27	1.13	67
00:53:00	Wake	94	1.52	2	74	Supine	167	90	1.58	0.97	1.1	90
00:53:30	Sleep	411	0.35	3	62	Left	195	100	0.98	1.1	1.1	80
00:54:00	Sleep	228	-1.76	0	60	Left	5	97	0.69	1.01	0.95	57
00:54:30	Sleep	301	-0.45	0	75	Left	180	95	1.92	0.71	0.96	90
00:55:00	Wake	284	-0.46	3	58	Supine	18	90	2.07	0.73	0.96	99
00:55:30	Wake	30	-0.9	0	94	Supine	99	95	0.67	0.97	0.85	77
00:56:00	Wake	191	-0.06	0	60	Supine	29	98	1.81	1.98	1.02	99
00:56:30	Wake	485	0.31	2	67	Left	99	90	2.34	1.25	1.12	96
00:57:00	Sleep	327	1.27	1	83	Upright	178	100	0.71	0.9	1.09	100
00:57:30	Wake	546	0.37	3	99	Right	52	92	1.46	1.77	0.92	65
00:58:00	Sleep	95	-1.98	2	80	Left	68	99	2.28	1.62	1.02	78
00:58:30	Wake	285	-1.35	0	86	Upright	88	97	1.75	1.87	1.16	61
00:59:00	Wake	299	1.53	1	80	Left	84	94	0.85	1.73	0.83	60
00:59:30	Wake	53	-1.48	1	81	Right	198	92	1.5	0.69	0.8	65
01:00:00	Wake	523	-1.21	1	69	Right	91	92	1.84	1.71	1.14	94
01:00:30	Sleep	504	-1.64	0	68	Supine	191	97	0.8	1.17	1.15	57
01:01:00	Wake	440	-0.43	0	71	Supine	10	92	2.48	0.82	0.83	95
01:01:30	Sleep	303	-0.87	1	97	Left	160	93	2.4	0.51	0.83	78
01:02:00	Sleep	513	-0.78	1	69	Upright	196	97	2.5	0.51	0.83	64
01:02:30	Sleep	430	1.71	3	74	Supine	121	95	0.62	1.34	1.09	94
01:03:00	Sleep	585	1.61	1	93	Right	5	100	2.28	2.44	1.17	68
01:03:30	Sleep	419	1.39	2	55	Right	27	94	2.31	1.74	1.15	56
01:04:00	Sleep	59	-0.06	1	67	Left	185	96	1.15	2.21	0.95	64
01:04:30	Wake	229	-1.72	3	91	Supine	178	91	2.4	1.38	0.85	91
01:05:00	Wake	401	0.5	1	70	Supine	54	94	1.98	1.47	0.99	56
01:05:30	Sleep	331	1.1	2	88	Left	198	94	0.94	0.56	1.1	76
01:06:00	Wake	211	-0.69	1	68	Upright	61	98	1.67	0.65	1.19	86
01:06:30	Wake	298	-1.37	3	56	Right	62	100	1.79	0.56	0.95	62
01:07:00	Wake	168	0.9	0	80	Upright	43	91	0.83	1.53	0.99	69
01:07:30	Sleep	200	-1.88	2	77	Right	197	98	1.98	1.67	0.85	59
01:08:00	Wake	207	1.57	0	55	Right	183	96	2.37	1.69	0.94	91
01:08:30	Wake	294	-0.1	2	89	Supine	182	100	1.72	1.32	0.85	63
01:09:00	Wake	417	0.23	2	75	Upright	14	90	1.45	1.68	1.1	64
01:09:30	Sleep	594	0.46	3	64	Upright	78	99	1.0	2.43	0.95	87
01:10:00	Wake	85	-1.88	0	83	Upright	140	91	2.13	2.27	1.12	60
01:10:30	Wake	306	1.18	2	99	Supine	131	98	1.25	0.81	1.14	67
01:11:00	Wake	210	0.61	0	68	Supine	195	99	1.48	2.46	0.95	85
01:11:30	Sleep	507	-0.61	2	75	Right	133	92	0.77	2.26	1.03	73
01:12:00	Sleep	285	1.05	3	94	Right	179	92	1.52	0.75	0.87	84
01:12:30	Wake	74	0.59	3	86	Right	185	97	1.3	1.16	0.81	58
01:13:00	Wake	139	-1.19	1	56	Upright	174	95	1.33	0.9	1.03	64
01:13:30	Wake	399	1.78	2	89	Supine	173	94	2.21	0.5	1.18	94
01:14:00	Wake	542	1.36	1	98	Right	102	95	0.63	2.44	0.93	82
01:14:30	Wake	54	-0.17	2	73	Right	191	94	1.57	0.77	1.03	59
01:15:00	Wake	543	-1.81	1	83	Right	148	97	1.86	0.6	0.96	79
01:15:30	Sleep	43	-1.47	0	63	Right	6	97	1.01	2.44	0.95	59
01:16:00	Wake	567	1.79	3	63	Right	108	90	1.4	2.14	1.05	100
01:16:30	Sleep	294	0.83	3	95	Left	140	92	1.65	1.26	0.94	97
01:17:00	Wake	17	-0.3	0	58	Upright	15	96	0.55	2.36	1.06	55
01:17:30	Sleep	5	-0.16	2	68	Upright	30	99	1.19	0.65	1.13	80
01:18:00	Sleep	63	-1.42	0	68	Supine	108	93	1.46	1.71	0.8	68
01:18:30	Wake	192	0.17	2	88	Left	92	94	1.22	2.21	1.11	75
01:19:00	Wake	412	-1.11	1	82	Upright	135	100	1.42	0.93	1.0	94
01:19:30	Wake	2	-1.06	0	87	Upright	105	97	2.3	2.29	0.98	98
01:20:00	Wake	579	-1.78	2	75	Upright	152	93	1.96	0.78	0.89	59
01:20:30	Sleep	153	1.36	0	97	Right	194	90	0.57	2.45	0.95	79
01:21:00	Sleep	458	0.3	1	91	Left	113	94	0.7	0.75	0.88	74
01:21:30	Sleep	320	-0.59	3	80	Left	12	90	1.67	0.58	0.95	88
01:22:00	Wake	346	-0.23	3	75	Supine	25	99	0.83	1.25	1.02	66
01:22:30	Wake	257	-0.95	3	69	Right	65	96	2.07	1.57	1.12	89
01:23:00	Wake	204	-0.31	0	59	Left	81	90	0.72	2.22	0.86	99
01:23:30	Sleep	310	1.96	3	55	Supine	130	91	1.98	1.5	1.1	75
01:24:00	Sleep	8	0.36	0	70	Upright	20	95	2.48	1.54	0.96	76
01:24:30	Sleep	122	-1.89	2	100	Right	62	97	1.95	0.85	0.86	79
01:25:00	Sleep	308	0.85	1	98	Upright	150	92	1.65	1.26	0.81	73
01:25:30	Sleep	382	1.65	1	83	Right	24	100	1.16	2.13	1.05	70
01:26:00	Sleep	193	-1.06	1	93	Left	137	93	1.71	2.17	0.93	74
01:26:30	Wake	428	-0.3	2	69	Upright	55	97	1.95	0.62	0.81	57
01:27:00	Wake	365	1.77	3	82	Right	148	91	0.63	1.24	0.88	64
01:27:30	Sleep	417	-0.19	3	56	Left	46	96	1.17	0.87	1.15	68
01:28:00	Sleep	10	1.47	1	93	Upright	197	96	1.33	1.66	1.16	90
01:28:30	Sleep	51	0.37	3	86	Left	44	94	1.84	1.97	1.15	100
01:29:00	Wake	543	-0.23	0	83	Supine	101	90	1.86	1.43	0.83	100
01:29:30	Sleep	379	-1.78	3	81	Supine	175	92	0.74	1.03	1.14	82
01:30:00	Sleep	95	-0.57	3	89	Supine	31	99	1.39	1.68	1.09	56
01:30:30	Sleep	202	0.63	3	70	Supine	12	97	1.65	1.44	1.04	92
01:31:00	Sleep	36	1.79	0	100	Left	141	90	0.97	2.13	1.1	75
01:31:30	Sleep	142	-1.96	3	69	Supine	146	96	1.12	1.09	1.01	88
01:32:00	Wake	271	-0.8	1	75	Left	120	99	1.72	1.94	0.85	75
01:32:30	Wake	233	-0.82	1	80	Left	47	95	1.13	1.17	1.06	56
01:33:00	Sleep	167	-1.85	1	71	Upright	30	99	0.93	2.22	0.88	67
01:33:30	Wake	192	-1.49	2	92	Right	23	90	0.68	1.84	0.9	71
01:34:00	Wake	29	1.31	0	90	Left	107	99	0.93	0.6	0.97	100
01:34:30	Sleep	15	-1.32	0	80	Supine	181	98	1.19	1.3	0.89	57
01:35:00	Sleep	339	0.29	3	55	Upright	21	93	2.09	1.55	1.17	78
01:35:30	Sleep	211	0.79	0	78	Left	0	97	2.02	1.04	1.06	98
01:36:00	Wake	525	0.73	0	81	Supine	128	92	0.89	1.29	1.04	62
01:36:30	Sleep	229	1.71	2	59	Upright	36	91	1.63	1.49	1.1	81
01:37:00	Sleep	550	1.25	0	75	Left	186	90	0.65	0.52	0.94	61
01:37:30	Sleep	114	-1.92	1	66	Upright	112	96	1.2	1.3	1.18	97
01:38:00	Wake	270	-1.27	1	67	Left	20	98	2.48	2.2	1.08	90
01:38:30	Sleep	496	0.89	3	78	Upright	185	94	0.79	2.01	0.83	88
01:39:00	Sleep	437	-0.77	3	70	Upright	33	97	1.71	0.85	1.19	82
01:39:30	Wake	151	-1.98	1	76	Left	176	99	1.67	1.18	0.86	89
01:40:00	Sleep	127	-0.08	0	64	Upright	196	90	0.81	1.0	1.12	97
01:40:30	Sleep	496	1.91	2	90	Right	110	100	1.97	2.02	1.01	73
01:41:00	Wake	44	-0.6	2	95	Left	3	98	1.63	1.42	0.94	97
01:41:30	Wake	196	1.92	3	84	Right	62	97	0.58	0.8	1.15	75
01:42:00	Sleep	571	-1.54	2	90	Right	114	95	0.96	1.74	1.08	64
01:42:30	Sleep	519	0.84	2	81	Upright	129	93	1.38	2.41	0.87	57
01:43:00	Sleep	420	1.88	2	82	Supine	147	98	0.69	1.18	1.03	94
01:43:30	Sleep	486	1.82	2	97	Left	107	98	0.8	0.93	0.84	58
01:44:00	Wake	507	-1.64	2	78	Upright	0	92	2.5	1.31	0.86	97
01:44:30	Sleep	92	-0.57	1	63	Left	187	94	2.08	2.46	1.11	99
01:45:00	Sleep	558	-1.86	2	74	Left	89	99	2.37	1.51	0.82	93
01:45:30	Wake	96	-1.33	3	74	Supine	177	91	0.52	0.86	1.18	82
01:46:00	Sleep	506	1.32	3	98	Supine	21	96	1.6	2.24	1.14	86
01:46:30	Wake	361	-0.64	0	59	Supine	69	97	1.6	1.15	0.9	76
01:47:00	Sleep	345	0.49	0	74	Supine	13	91	2.02	2.45	1.18	86
01:47:30	Sleep	108	-0.69	3	62	Left	150	99	2.04	1.07	1.09	84
01:48:00	Wake	240	-1.47	1	76	Upright	60	90	1.79	0.79	1.09	62
01:48:30	Wake	476	-0.77	3	65	Left	88	94	2.13	0.55	0.92	81
01:49:00	Wake	418	-0.99	0	68	Upright	153	90	1.57	2.37	1.03	99
01:49:30	Sleep	558	0.24	3	56	Supine	66	93	2.41	0.74	1.2	78
01:50:00	Wake	239	-0.11	1	58	Upright	36	92	1.76	0.77	0.95	67
01:50:30	Sleep	295	0.55	0	63	Supine	117	99	1.66	0.7	0.99	75
01:51:00	Wake	373	-0.15	0	93	Right	49	95	0.68	0.66	1.14	72
01:51:30	Sleep	70	-1.27	0	74	Supine	39	97	1.7	1.71	1.02	57
01:52:00	Sleep	15	-0.67	1	67	Upright	99	96	2.2	1.63	1.17	57
01:52:30	Wake	248	-1.99	1	71	Left	138	92	1.13	0.78	0.91	70
01:53:00	Wake	416	-1.94	1	63	Upright	90	95	1.23	1.71	0.91	57
01:53:30	Sleep	503	-1.87	1	92	Left	6	99	1.82	1.46	1.18	76
01:54:00	Wake	533	-1.48	2	59	Left	199	91	2.29	0.64	1.17	55
01:54:30	Sleep	220	-1.14	3	78	Upright	3	99	1.01	0.99	1.13	85
01:55:00	Sleep	482	-0.77	2	73	Left	93	98	2.44	0.98	0.87	63
01:55:30	Wake	425	0.97	2	74	Right	23	93	1.75	1.46	0.91	88
01:56:00	Sleep	445	-1.55	1	89	Supine	90	100	0.72	2.03	1.06	83
01:56:30	Sleep	561	-1.81	1	98	Supine	104	91	1.62	1.6	1.1	61
01:57:00	Wake	121	1.19	2	95	Upright	132	98	2.28	1.14	0.89	63
01:57:30	Wake	288	0.03	3	60	Right	24	99	1.11	2.48	0.9	55
01:58:00	Sleep	590	0.93	1	63	Left	119	100	1.52	0.64	0.96	92
01:58:30	Wake	153	-1.06	3	91	Supine	22	100	1.57	1.25	1.15	81
01:59:00	Sleep	264	0.85	1	78	Supine	55	96	2.39	0.5	1.19	59
01:59:30	Sleep	90	1.53	3	59	Supine	196	91	1.7	2.1	0.91	86
02:00:00	Sleep	558	1.48	0	76	Left	196	94	1.07	2.37	0.97	65
02:00:30	Wake	387	-0.64	0	63	Right	141	90	2.14	1.71	0.86	67
02:01:00	Sleep	44	1.49	2	80	Left	162	97	1.09	1.82	0.81	94
02:01:30	Wake	428	-1.77	3	93	Supine	0	99	1.87	1.94	1.03	72
02:02:00	Sleep	50	0.21	3	98	Right	24	90	1.57	1.14	1.2	79
02:02:30	Wake	542	-1.57	2	89	Left	117	100	1.44	2.21	1.04	84
02:03:00	Sleep	358	1.65	2	79	Left	33	97	0.77	2.31	1.09	64
02:03:30	Wake	57	1.39	2	77	Supine	38	94	2.24	0.79	1.0	63
02:04:00	Wake	595	1.04	2	70	Right	140	99	1.7	1.58	1.14	87
02:04:30	Wake	368	1.6	1	86	Supine	33	95	1.4	2.03	1.0	59
02:05:00	Sleep	305	1.4	2	66	Upright	183	96	0.55	1.59	1.12	92
02:05:30	Wake	327	1.04	2	71	Left	125	93	1.13	2.43	1.09	99
02:06:00	Sleep	537	-1.17	0	96	Supine	107	96	1.68	2.37	1.06	72
02:06:30	Wake	319	1.09	2	88	Right	164	91	2.04	0.8	0.98	98
02:07:00	Wake	488	0.24	1	91	Supine	33	94	0.61	1.62	0.8	69
02:07:30	Sleep	11	0.68	0	65	Left	126	93	0.56	1.02	0.81	86
02:08:00	Wake	474	1.84	0	73	Upright	9	93	1.12	1.98	1.18	94
02:08:30	Wake	117	-0.38	2	82	Left	58	96	0.57	0.84	0.98	76
02:09:00	Wake	129	0.63	3	71	Supine	59	99	2.22	2.45	1.15	83
02:09:30	Sleep	150	1.56	0	86	Left	193	93	2.42	0.79	0.97	55
02:10:00	Wake	277	-0.66	2	73	Right	119	95	0.74	1.29	1.01	91
02:10:30	Sleep	345	-0.33	1	86	Supine	130	94	1.16	0.51	1.04	86
02:11:00	Wake	516	1.53	0	82	Right	115	96	0.54	2.15	0.89	79
02:11:30	Wake	171	0.31	2	61	Right	14	98	0.67	1.05	1.09	69
02:12:00	Wake	428	1.24	1	61	Upright	143	100	2.13	1.03	0.88	62
02:12:30	Sleep	568	-0.19	3	96	Upright	83	95	1.51	2.05	0.93	94
02:13:00	Sleep	439	0.73	0	59	Upright	176	90	2.15	0.61	0.99	69
02:13:30	Wake	427	1.22	3	99	Supine	115	92	0.73	1.35	1.15	95
02:14:00	Sleep	463	0.53	3	85	Right	61	92	0.69	1.97	0.96	65
02:14:30	Wake	212	-0.32	1	81	Upright	181	90	2.08	1.49	0.8	72
02:15:00	Sleep	359	-1.83	1	70	Upright	176	96	2.03	1.29	1.12	66
02:15:30	Sleep	92	0.73	2	70	Left	64	95	1.14	2.14	0.94	79
02:16:00	Sleep	43	-0.86	3	86	Right	191	92	1.87	1.92	1.12	74
02:16:30	Wake	96	-0.84	0	94	Upright	186	91	0.79	1.59	0.96	76
02:17:00	Sleep	143	1.0	0	80	Left	133	91	2.42	1.59	1.08	78
02:17:30	Wake	432	-1.06	1	55	Supine	168	92	2.41	1.19	1.17	82
02:18:00	Wake	496	-1.91	3	99	Upright	145	96	1.23	2.42	1.13	55
02:18:30	Wake	93	-1.82	2	76	Supine	83	96	2.03	1.8	0.83	100
02:19:00	Sleep	434	-1.56	3	61	Right	152	99	2.37	1.98	0.98	88
02:19:30	Wake	326	-1.53	1	72	Upright	137	99	0.65	0.51	1.02	87
02:20:00	Wake	598	-0.99	2	92	Upright	189	98	0.71	0.94	1.16	83
02:20:30	Wake	498	-0.27	3	92	Left	173	91	2.15	1.21	1.12	80
02:21:00	Sleep	140	-1.75	3	62	Upright	77	95	1.18	1.38	0.96	80
02:21:30	Wake	170	0.46	2	64	Supine	162	91	1.92	1.15	0.85	74
02:22:00	Sleep	443	1.36	3	65	Supine	77	98	1.93	1.3	1.08	91
02:22:30	Sleep	52	0.5	2	95	Upright	65	96	1.36	0.56	0.95	97
02:23:00	Sleep	117	-0.87	3	95	Right	16	96	2.17	1.99	1.18	64
02:23:30	Sleep	19	1.14	0	83	Upright	117	93	1.67	0.83	1.04	63
02:24:00	Wake	357	-0.25	1	98	Left	134	90	0.99	2.29	1.02	70
02:24:30	Wake	325	-1.02	0	72	Upright	197	91	1.53	2.11	1.06	98
02:25:00	Wake	472	-1.13	3	72	Upright	75	97	1.12	1.96	1.15	67
02:25:30	Sleep	133	-0.82	2	79	Left	9	93	0.61	0.9	0.91	68
02:26:00	Wake	526	-0.56	1	94	Supine	195	90	1.42	1.67	0.91	94
02:26:30	Sleep	264	-1.7	1	58	Left	73	97	1.28	2.35	0.83	89
02:27:00	Wake	103	1.67	1	61	Upright	139	98	2.32	0.98	0.84	89
02:27:30	Wake	226	-1.05	1	86	Supine	130	95	1.08	1.66	0.88	93
02:28:00	Wake	230	-0.66	0	81	Right	100	91	0.87	1.77	0.99	69
02:28:30	Wake	307	-0.76	1	92	Left	88	98	1.09	1.07	1.04	78
02:29:00	Wake	95	0.03	1	70	Right	104	96	1.59	0.51	1.18	81
02:29:30	Wake	203	1.86	1	71	Supine	5	99	1.27	2.49	0.88	84
02:30:00	Sleep	163	0.86	1	97	Upright	33	95	1.71	1.98	1.11	61
02:30:30	Sleep	305	-1.69	3	79	Right	86	95	0.55	2.32	1.14	70
02:31:00	Wake	325	1.06	0	72	Supine	65	94	0.7	1.96	0.95	57
02:31:30	Sleep	77	0.26	1	84	Upright	77	92	2.37	2.06	1.11	61
02:32:00	Wake	567	0.35	0	67	Upright	36	100	1.38	0.76	1.04	61
02:32:30	Sleep	589	-1.4	2	68	Supine	178	96	2.44	1.1	1.09	94
02:33:00	Wake	39	-1.23	1	88	Supine	166	93	1.78	2.05	0.88	66
02:33:30	Sleep	8	-0.37	2	62	Supine	16	91	1.19	2.47	1.14	94
02:34:00	Wake	463	-1.52	3	87	Upright	182	100	2.09	1.85	0.87	96
02:34:30	Sleep	514	0.59	3	83	Right	65	91	1.56	1.36	0.88	67
02:35:00	Wake	367	1.67	3	68	Left	149	93	1.74	1.13	0.94	89
02:35:30	Wake	68	-1.25	2	55	Right	78	97	1.32	1.27	1.13	70
02:36:00	Wake	304	-0.92	1	57	Left	47	90	0.92	1.22	0.98	85
02:36:30	Sleep	151	-0.3	2	56	Left	12	95	1.04	1.74	0.93	87
02:37:00	Sleep	547	-0.51	1	66	Upright	156	92	0.63	2.16	1.14	84
02:37:30	Sleep	133	0.15	0	94	Supine	89	94	1.32	1.21	1.19	93
02:38:00	Wake	185	-1.51	2	92	Right	34	98	2.28	1.44	1.12	77
02:38:30	Sleep	408	1.86	0	62	Left	117	98	1.96	0.7	0.87	65
02:39:00	Wake	517	1.97	0	72	Right	17	93	1.33	2.27	1.17	69
02:39:30	Wake	101	-0.06	0	65	Right	23	92	0.81	0.91	0.86	81
02:40:00	Sleep	34	0.25	3	97	Right	200	98	1.19	0.85	0.95	80
02:40:30	Wake	49	-1.07	3	84	Left	27	91	1.46	1.12	0.86	93
02:41:00	Wake	151	1.96	2	70	Supine	175	92	1.94	0.63	0.92	59
02:41:30	Sleep	532	0.59	0	79	Supine	160	97	0.56	1.83	0.86	75
02:42:00	Wake	452	-0.67	2	71	Supine	63	95	1.05	1.07	0.99	95
02:42:30	Sleep	36	0.93	3	100	Right	130	90	1.0	1.23	0.88	61
02:43:00	Sleep	273	0.66	0	90	Upright	55	91	1.88	1.73	1.17	79
02:43:30	Wake	232	-0.5	1	86	Right	163	99	1.03	1.4	0.89	83
02:44:00	Sleep	412	-0.27	0	85	Right	67	95	1.18	1.78	1.0	83
02:44:30	Wake	156	0.83	3	87	Supine	48	98	1.51	2.46	1.0	99
02:45:00	Sleep	441	1.85	2	72	Right	139	98	0.55	1.0	1.16	67
02:45:30	Sleep	323	1.16	2	67	Left	69	95	2.17	1.17	0.86	72
02:46:00	Wake	59	1.45	3	89	Left	170	93	1.81	1.79	0.89	78
02:46:30	Wake	338	-1.18	1	88	Supine	147	99	0.71	2.36	0.81	92
02:47:00	Sleep	418	-0.0	1	72	Right	125	99	0.97	2.44	0.87	74
02:47:30	Wake	86	-0.92	3	85	Left	17	95	0.69	1.43	1.05	68
02:48:00	Wake	518	1.83	0	97	Supine	125	97	2.4	1.41	1.17	81
02:48:30	Wake	199	1.42	3	85	Upright	155	93	1.69	1.66	0.94	97
02:49:00	Sleep	303	0.03	0	92	Right	65	100	1.3	1.18	1.08	79
02:49:30	Sleep	335	-1.3	0	84	Left	62	97	1.8	2.15	0.99	71
02:50:00	Wake	162	0.83	1	56	Left	54	90	2.1	0.66	0.88	96
02:50:30	Wake	8	-0.95	1	68	Upright	123	94	0.74	0.6	0.84	99
02:51:00	Sleep	325	1.02	0	70	Supine	141	97	0.7	1.92	0.92	92
02:51:30	Wake	300	0.34	0	65	Left	176	99	2.37	2.09	1.12	64
02:52:00	Sleep	216	-1.29	2	61	Left	125	91	0.51	1.32	1.05	85
02:52:30	Sleep	573	0.05	0	93	Right	132	91	2.09	0.88	1.1	96
02:53:00	Sleep	167	0.75	2	63	Right	176	92	2.28	1.63	1.02	86
02:53:30	Sleep	27	1.2	0	87	Right	40	98	0.68	2.02	0.92	88
02:54:00	Wake	67	-1.42	3	96	Left	142	99	1.9	2.13	1.1	95
02:54:30	Sleep	402	1.98	1	74	Left	15	98	2.41	0.79	1.04	78
02:55:00	Sleep	162	-0.8	3	76	Right	177	96	1.73	1.47	1.19	100
02:55:30	Sleep	206	-0.85	0	92	Upright	66	97	1.42	1.73	1.19	74
02:56:00	Wake	131	-0.01	0	55	Right	108	98	2.05	1.17	1.02	70
02:56:30	Sleep	193	-1.93	0	59	Supine	25	99	1.01	1.93	1.19	61
02:57:00	Sleep	548	-0.93	0	94	Left	161	96	1.77	1.45	1.05	83
02:57:30	Wake	234	-1.66	1	89	Upright	159	100	2.29	0.69	0.94	68
02:58:00	Wake	507	-0.38	3	100	Upright	146	99	1.71	1.48	1.19	70
02:58:30	Wake	513	-1.79	1	61	Right	115	92	2.48	1.25	1.04	98
02:59:00	Wake	578	0.92	2	94	Supine	73	91	2.06	1.08	1.19	86
02:59:30	Wake	81	1.23	3	68	Upright	177	91	1.86	2.07	1.03	89
03:00:00	Sleep	180	1.45	0	64	Left	10	97	1.66	0.99	0.91	88
03:00:30	Wake	336	1.47	0	70	Right	172	94	1.09	2.34	0.97	85
03:01:00	Wake	147	0.12	0	90	Right	0	100	0.55	1.34	0.97	72
03:01:30	Sleep	196	-0.93	0	88	Supine	31	95	0.56	1.82	1.11	72
03:02:00	Wake	87	-0.54	1	82	Supine	9	91	1.51	1.12	0.85	78
03:02:30	Wake	542	-0.51	2	77	Right	11	93	2.27	2.42	0.94	86
03:03:00	Sleep	589	-1.17	2	75	Supine	125	100	0.85	1.12	0.86	66
03:03:30	Sleep	418	-0.36	2	76	Right	166	97	2.39	1.27	1.2	99
03:04:00	Sleep	139	0.92	0	82	Right	176	98	1.31	1.44	1.16	86
03:04:30	Wake	505	-1.58	2	63	Upright	9	98	1.4	1.66	0.98	83
03:05:00	Sleep	556	-1.78	0	59	Left	52	92	0.99	1.25	1.0	66
03:05:30	Wake	336	-0.66	1	78	Upright	12	91	2.25	0.63	0.88	75
03:06:00	Wake	142	-0.28	3	94	Right	174	96	0.99	2.09	1.05	57
03:06:30	Sleep	250	-0.96	3	62	Left	198	98	1.93	1.64	1.01	97
03:07:00	Sleep	125	0.28	0	94	Upright	117	93	2.35	2.16	0.94	63
03:07:30	Sleep	525	0.82	1	74	Right	131	93	1.65	0.6	1.07	63
03:08:00	Sleep	318	0.23	1	94	Supine	141	91	1.68	1.15	1.16	61
03:08:30	Sleep	125	-1.42	2	65	Upright	123	100	1.25	1.68	0.9	57
03:09:00	Sleep	47	-0.92	0	76	Left	169	91	2.16	1.8	0.96	57
03:09:30	Sleep	573	-0.93	0	87	Left	13	90	1.21	1.28	0.83	84
03:10:00	Sleep	390	1.46	1	79	Right	49	90	0.64	1.26	0.86	93
03:10:30	Sleep	344	-1.05	3	85	Left	184	92	0.76	1.94	1.15	61
03:11:00	Sleep	314	-0.16	3	55	Upright	33	95	1.45	1.33	0.95	58
03:11:30	Sleep	371	-1.2	3	64	Left	158	94	2.32	2.49	1.16	67
03:12:00	Wake	174	-0.94	2	79	Right	30	98	1.06	1.86	1.13	70
03:12:30	Wake	8	-0.21	3	72	Upright	116	100	1.42	2.09	1.1	93
03:13:00	Wake	406	0.32	3	70	Right	112	96	2.16	1.19	0.96	98
03:13:30	Sleep	198	-0.11	0	77	Left	197	94	0.71	0.74	0.85	100
03:14:00	Sleep	575	0.73	0	84	Upright	92	93	1.13	2.26	0.81	95
03:14:30	Wake	18	-1.28	2	90	Supine	138	93	0.94	1.49	0.95	82
03:15:00	Wake	177	0.75	3	80	Supine	163	93	1.94	1.28	0.96	93
03:15:30	Sleep	57	1.27	1	70	Left	22	93	2.44	1.91	0.86	90
03:16:00	Sleep	264	0.79	2	75	Supine	43	95	0.55	2.29	1.09	89
03:16:30	Wake	313	1.02	2	71	Supine	30	93	2.04	1.24	1.12	71
03:17:00	Sleep	219	1.05	1	63	Right	136	96	2.06	1.27	1.07	56
03:17:30	Wake	502	-1.46	3	94	Left	12	92	2.42	1.49	0.92	84
03:18:00	Wake	295	1.18	0	74	Supine	138	93	1.44	1.0	0.94	70
03:18:30	Sleep	110	0.4	1	57	Upright	150	90	1.67	0.99	0.98	99
03:19:00	Sleep	121	-0.68	3	62	Supine	116	98	2.33	1.65	0.95	96
03:19:30	Wake	40	1.3	1	59	Left	153	100	2.02	1.02	0.95	98
03:20:00	Wake	161	1.06	2	72	Right	97	92	2.1	1.57	0.96	85
03:20:30	Wake	95	-0.58	1	62	Right	160	94	2.02	1.86	1.1	66
03:21:00	Sleep	577	0.94	1	98	Left	191	95	0.99	2.23	1.18	86
03:21:30	Wake	291	-0.37	0	71	Left	132	97	0.55	1.51	1.08	67
03:22:00	Wake	356	-1.05	3	69	Upright	5	100	2.14	1.27	1.05	90
03:22:30	Wake	183	-1.59	1	59	Left	154	92	1.16	1.1	0.89	70
03:23:00	Sleep	170	-1.71	0	96	Supine	17	91	1.82	0.79	1.06	96
03:23:30	Sleep	299	-0.76	0	70	Supine	188	96	1.07	1.62	0.91	84
03:24:00	Sleep	80	1.61	3	56	Left	22	99	2.18	1.98	0.94	87
03:24:30	Sleep	286	0.32	3	97	Upright	170	100	1.95	0.96	1.14	100
03:25:00	Wake	302	-0.33	0	94	Right	159	94	1.38	1.72	0.98	76
03:25:30	Wake	451	1.21	1	64	Right	120	92	1.52	2.42	1.08	65
03:26:00	Wake	327	0.39	3	72	Left	190	90	1.32	1.61	0.89	99
03:26:30	Sleep	356	-0.71	2	75	Supine	81	90	1.31	1.48	0.93	76
03:27:00	Wake	139	-0.01	1	69	Left	137	99	1.48	1.54	1.09	92
03:27:30	Wake	577	-1.71	0	60	Right	128	94	2.06	1.89	1.09	82
03:28:00	Wake	597	-1.45	1	68	Upright	176	90	1.88	0.76	1.01	80
03:28:30	Wake	235	1.36	1	82	Supine	151	96	2.3	1.94	1.1	73
03:29:00	Sleep	289	1.04	0	57	Right	132	98	1.23	1.62	1.1	69
03:29:30	Sleep	34	1.05	1	91	Upright	44	98	0.83	1.37	0.95	89
03:30:00	Sleep	518	-1.33	2	72	Left	17	98	1.68	2.31	1.05	57
03:30:30	Sleep	516	0.83	3	76	Supine	179	98	1.41	2.08	0.81	55
03:31:00	Sleep	283	-1.85	2	57	Right	114	91	1.33	1.81	0.85	63
03:31:30	Sleep	562	1.13	3	81	Left	71	100	2.42	0.54	0.81	57
03:32:00	Sleep	363	1.48	1	75	Left	171	93	2.29	1.73	0.93	77
03:32:30	Wake	566	-0.83	1	65	Upright	13	94	1.03	2.03	1.2	91
03:33:00	Sleep	91	-0.89	2	66	Right	125	96	2.02	1.49	1.05	87
03:33:30	Sleep	510	-0.93	1	71	Left	181	94	1.34	1.39	1.08	74
03:34:00	Sleep	188	1.2	1	100	Upright	135	94	1.09	2.48	0.9	96
03:34:30	Wake	347	1.63	1	65	Right	122	94	2.22	0.81	0.95	82
03:35:00	Sleep	211	1.48	0	68	Left	43	93	1.49	1.73	1.02	90
03:35:30	Wake	404	-0.64	2	76	Supine	50	98	0.9	0.7	0.97	60
03:36:00	Wake	231	0.09	3	96	Supine	28	96	1.31	1.74	0.89	100
03:36:30	Sleep	222	0.6	1	81	Left	93	98	0.74	0.6	1.12	83
03:37:00	Wake	35	0.13	0	87	Left	196	97	0.55	1.97	0.96	74
03:37:30	Sleep	93	-0.18	0	62	Left	107	98	0.89	1.76	0.83	86
03:38:00	Sleep	588	-0.46	0	91	Upright	37	92	1.81	1.25	0.82	61
03:38:30	Wake	498	1.72	0	97	Right	88	97	1.12	1.25	0.88	71
03:39:00	Sleep	18	-1.22	3	88	Right	3	90	0.98	0.92	1.01	56
03:39:30	Wake	589	-0.59	3	95	Left	168	92	0.7	2.17	0.83	75
03:40:00	Sleep	214	-0.69	3	59	Upright	98	95	1.53	1.75	1.14	57
03:40:30	Wake	158	0.87	1	100	Supine	66	94	0.93	1.93	0.86	56
03:41:00	Wake	596	1.66	1	57	Right	79	100	1.86	2.11	1.09	66
03:41:30	Wake	445	1.76	2	89	Right	128	99	2.42	1.22	0.81	89
03:42:00	Wake	133	1.1	2	76	Left	154	91	1.53	2.44	1.19	100
03:42:30	Sleep	173	-0.83	0	86	Supine	109	94	2.44	1.69	1.2	65
03:43:00	Sleep	344	0.91	2	93	Left	6	91	1.68	1.38	0.99	62
03:43:30	Sleep	367	0.67	1	95	Right	29	92	1.08	0.82	1.17	56
03:44:00	Wake	45	0.62	0	59	Left	79	96	1.73	2.5	0.86	74
03:44:30	Wake	232	-1.16	2	94	Supine	51	94	1.23	1.26	0.83	67
03:45:00	Wake	200	-0.29	0	94	Right	100	93	1.72	1.33	0.83	86
03:45:30	Sleep	495	-1.17	3	81	Left	56	92	1.53	0.58	0.92	89
03:46:00	Sleep	320	0.24	1	94	Supine	88	93	2.28	2.35	0.92	87
03:46:30	Sleep	570	0.85	2	59	Left	84	99	2.12	2.4	1.02	77
03:47:00	Sleep	266	-1.76	1	55	Right	76	99	2.1	2.44	0.94	91
03:47:30	Wake	532	1.12	3	70	Upright	107	90	1.43	0.65	0.81	90
03:48:00	Wake	502	1.47	0	76	Upright	161	99	1.26	1.85	1.15	64
03:48:30	Sleep	514	-1.04	1	61	Right	2	93	0.68	2.45	1.19	90
03:49:00	Sleep	89	0.14	1	98	Left	120	92	1.4	1.65	0.89	79
03:49:30	Wake	364	-1.84	1	82	Left	105	97	0.86	1.45	0.96	57
03:50:00	Wake	266	-0.57	0	76	Left	50	94	1.74	1.53	0.82	91
03:50:30	Wake	329	-0.43	1	84	Left	20	100	1.12	2.31	0.99	97
03:51:00	Sleep	354	1.35	0	63	Left	161	100	0.92	1.58	1.07	82
03:51:30	Sleep	481	1.8	3	91	Supine	93	98	0.99	0.73	0.92	67
03:52:00	Sleep	61	0.16	1	73	Upright	102	97	1.26	0.68	1.02	58
03:52:30	Sleep	96	-0.43	0	79	Right	90	100	1.84	1.79	1.14	64
03:53:00	Sleep	159	1.21	3	85	Right	173	96	0.72	1.46	1.15	62
03:53:30	Sleep	280	-1.66	2	72	Supine	129	99	1.62	1.39	1.07	80
03:54:00	Sleep	102	-1.38	3	57	Left	186	98	1.38	1.97	0.88	78
03:54:30	Wake	123	0.37	2	68	Left	89	95	2.42	0.74	0.85	84
03:55:00	Sleep	349	0.11	0	71	Left	45	93	2.44	1.96	1.17	61
03:55:30	Sleep	270	1.76	1	70	Upright	28	100	2.09	2.12	1.07	83
03:56:00	Sleep	276	0.9	3	81	Supine	17	92	1.68	0.99	1.18	60
03:56:30	Wake	589	1.05	1	63	Supine	151	91	0.57	1.03	1.0	68
03:57:00	Wake	85	-1.26	3	91	Left	90	95	1.73	0.83	0.89	79
03:57:30	Sleep	198	1.75	1	92	Supine	133	97	0.72	2.05	1.01	66
03:58:00	Wake	86	1.58	0	94	Supine	28	96	2.46	0.54	1.04	59
03:58:30	Wake	369	1.07	0	66	Left	68	91	2.43	1.83	0.94	91
03:59:00	Wake	97	0.09	2	91	Upright	170	96	2.16	1.49	1.08	97
03:59:30	Wake	80	0.9	3	77	Supine	44	99	2.04	2.12	1.09	88
04:00:00	Wake	40	1.27	3	95	Right	34	93	0.99	1.09	1.13	85
04:00:30	Sleep	139	-1.55	1	94	Supine	67	93	2.15	1.59	0.97	69
04:01:00	Wake	560	0.9	3	62	Upright	72	92	0.63	1.86	1.19	84
04:01:30	Wake	218	0.78	1	56	Left	118	100	0.76	0.98	0.95	66
04:02:00	Sleep	237	-0.14	3	98	Left	31	96	1.94	1.46	1.12	62
04:02:30	Wake	260	0.52	1	85	Left	81	91	1.33	0.86	0.82	93
04:03:00	Wake	280	1.85	0	69	Upright	50	90	0.78	2.27	0.86	80
04:03:30	Wake	578	0.42	3	63	Right	6	90	1.69	2.31	1.11	93
04:04:00	Wake	511	0.2	1	80	Upright	105	90	1.61	0.93	0.87	65
04:04:30	Sleep	40	0.46	0	64	Supine	139	96	2.46	2.24	0.82	65
04:05:00	Wake	474	1.49	2	73	Upright	69	95	1.46	1.4	1.03	89
04:05:30	Wake	355	1.14	0	65	Supine	164	91	1.05	2.29	0.98	77
04:06:00	Wake	1	1.07	1	74	Right	123	92	0.83	0.81	1.2	68
04:06:30	Sleep	282	-1.7	2	68	Left	85	97	2.38	1.15	1.19	85
04:07:00	Sleep	132	1.92	3	70	Supine	167	100	2.46	1.88	1.12	61
04:07:30	Wake	375	0.96	1	81	Left	87	99	0.99	0.51	0.82	57
04:08:00	Wake	56	0.15	0	93	Upright	170	93	2.39	1.85	0.98	61
04:08:30	Wake	579	-1.72	1	65	Left	87	91	1.98	1.16	0.97	81
04:09:00	Sleep	48	-0.86	0	64	Right	30	96	1.62	1.21	1.01	67
04:09:30	Sleep	489	-1.94	0	93	Supine	68	94	1.78	1.29	1.02	67
04:10:00	Wake	80	0.74	1	57	Left	83	93	1.48	1.76	0.86	84
04:10:30	Wake	153	1.59	2	69	Upright	84	90	1.13	1.54	1.11	100
04:11:00	Wake	443	-1.12	0	74	Supine	131	93	1.0	1.08	1.15	72
04:11:30	Sleep	116	-1.05	3	82	Supine	158	94	1.85	1.35	1.02	60
04:12:00	Wake	46	0.73	1	66	Left	33	98	1.28	2.12	0.83	79
04:12:30	Sleep	350	-1.09	1	68	Right	111	95	1.3	1.36	0.98	60
04:13:00	Sleep	210	-0.44	3	74	Right	44	98	1.55	2.16	1.08	67
04:13:30	Sleep	138	-0.46	3	65	Left	88	92	2.0	1.56	1.09	92
04:14:00	Wake	513	0.8	2	66	Upright	129	100	2.12	0.97	0.9	83
04:14:30	Sleep	305	-0.13	2	85	Right	66	94	1.37	2.02	0.88	64
04:15:00	Sleep	353	-0.75	2	71	Supine	198	96	0.76	1.49	0.88	86
04:15:30	Sleep	279	-1.53	0	75	Left	22	92	2.31	1.0	0.92	85
04:16:00	Sleep	341	0.6	3	62	Left	52	96	2.2	2.25	0.96	99
04:16:30	Sleep	176	0.07	1	76	Supine	190	91	1.54	1.41	0.91	84
04:17:00	Wake	396	-1.56	2	93	Upright	78	95	0.92	2.5	1.1	87
04:17:30	Wake	17	1.74	1	76	Upright	12	90	1.72	0.86	1.11	68
04:18:00	Wake	257	1.88	2	100	Supine	146	92	0.84	1.61	0.83	74
04:18:30	Sleep	303	-0.48	2	99	Supine	21	99	2.07	1.63	0.83	69
04:19:00	Wake	65	-1.34	2	67	Left	83	95	0.8	0.93	0.8	92
04:19:30	Wake	52	0.01	0	56	Right	185	91	2.2	0.55	0.99	99
04:20:00	Wake	555	1.91	1	63	Right	194	94	1.47	2.25	0.95	62
04:20:30	Wake	539	-0.04	3	60	Right	11	96	2.26	1.56	1.06	97
04:21:00	Wake	386	1.07	1	85	Upright	112	92	1.56	0.56	1.06	90
04:21:30	Sleep	169	-0.2	0	72	Supine	110	98	1.57	1.7	0.87	97
04:22:00	Sleep	504	0.7	0	75	Supine	160	98	1.88	0.92	0.91	86
04:22:30	Sleep	69	-0.21	2	97	Right	99	93	1.37	0.91	1.15	96
04:23:00	Sleep	343	0.03	1	58	Left	105	97	2.15	1.97	0.83	98
04:23:30	Wake	553	1.41	3	65	Supine	148	91	2.34	0.8	0.8	60
04:24:00	Sleep	535	-1.34	0	56	Upright	191	99	1.34	2.34	0.84	72
04:24:30	Wake	559	-0.22	2	86	Supine	141	100	0.66	2.19	0.98	79
04:25:00	Sleep	541	0.35	3	86	Supine	129	90	2.35	2.48	1.17	59
04:25:30	Sleep	70	-1.67	0	93	Right	26	94	1.9	1.47	0.94	59
04:26:00	Wake	100	-1.67	1	73	Supine	150	99	1.35	1.9	1.03	80
04:26:30	Sleep	323	2.0	3	82	Left	137	93	0.63	1.22	0.94	65
04:27:00	Sleep	571	0.69	1	75	Upright	138	99	0.69	0.76	1.04	79
04:27:30	Wake	421	-0.8	0	90	Supine	159	100	1.59	0.93	0.8	70
04:28:00	Wake	176	1.73	3	70	Left	3	93	1.79	1.27	0.83	88
04:28:30	Wake	218	1.54	0	80	Right	163	92	0.77	0.92	0.9	69
04:29:00	Sleep	304	-0.92	1	71	Left	120	98	2.27	1.27	1.13	83
04:29:30	Sleep	38	1.59	3	55	Left	8	95	1.01	0.66	1.07	71
04:30:00	Wake	27	0.6	1	75	Right	114	97	0.9	0.82	1.16	92
04:30:30	Sleep	591	0.25	1	89	Left	182	96	1.23	1.61	0.84	56
04:31:00	Wake	358	-0.92	2	76	Supine	91	94	1.44	2.04	0.85	61
04:31:30	Wake	279	0.22	2	95	Upright	136	96	1.43	0.74	1.17	80
04:32:00	Wake	589	0.43	0	79	Upright	12	95	0.53	1.07	0.92	86
04:32:30	Wake	269	-0.86	0	87	Left	157	99	2.13	2.21	1.07	55
04:33:00	Sleep	346	-1.32	2	90	Left	180	92	1.72	2.07	1.09	78
04:33:30	Wake	407	0.21	0	65	Supine	100	91	1.23	2.46	1.18	58
04:34:00	Wake	120	-1.94	3	94	Right	10	95	1.92	1.05	0.91	74
04:34:30	Wake	84	1.77	2	72	Supine	165	96	1.48	0.7	0.97	88
04:35:00	Wake	393	-0.38	3	55	Left	80	91	0.61	1.26	1.03	81
04:35:30	Wake	279	-0.62	3	76	Supine	0	97	0.7	0.87	0.96	94
04:36:00	Sleep	287	-1.13	3	69	Left	172	91	1.03	0.73	0.89	62
04:36:30	Sleep	15	1.23	2	60	Left	104	95	2.44	0.73	1.19	99
04:37:00	Wake	496	-1.88	3	92	Right	73	97	2.38	2.23	0.95	73
04:37:30	Wake	448	0.4	2	67	Upright	94	91	0.96	1.74	1.14	82
04:38:00	Sleep	302	0.24	1	76	Upright	130	91	2.22	1.66	0.95	67
04:38:30	Sleep	567	-0.56	2	63	Supine	155	93	2.09	1.35	0.95	79
04:39:00	Wake	55	0.68	3	99	Left	140	91	1.48	1.51	0.94	91
04:39:30	Sleep	490	0.95	1	56	Supine	75	95	1.43	0.93	0.84	75
04:40:00	Wake	511	-1.97	1	70	Upright	93	97	1.49	2.15	1.09	78
04:40:30	Wake	153	0.56	3	100	Supine	148	94	1.91	1.56	0.87	60
04:41:00	Wake	75	-0.68	2	58	Upright	145	94	2.24	2.49	0.97	95
04:41:30	Sleep	220	-1.25	2	78	Left	117	96	1.1	2.23	1.19	55
04:42:00	Wake	498	0.65	2	72	Left	48	94	1.93	2.21	0.88	86
04:42:30	Wake	530	-0.51	3	59	Right	38	91	2.43	1.85	0.83	92
04:43:00	Wake	197	0.12	1	84	Right	125	99	1.5	1.07	1.11	98
04:43:30	Wake	473	-0.55	1	70	Left	170	96	1.25	2.19	0.91	90
04:44:00	Sleep	544	1.31	1	59	Left	145	97	0.95	0.71	1.03	65
04:44:30	Sleep	194	-0.49	0	90	Right	25	97	0.69	1.04	0.93	76
04:45:00	Wake	101	-0.44	3	81	Right	151	91	1.77	1.9	0.87	58
04:45:30	Wake	285	0.96	1	80	Right	157	92	1.23	2.07	1.12	86
04:46:00	Sleep	333	0.36	3	85	Upright	122	99	1.27	1.76	0.86	83
04:46:30	Sleep	70	-1.61	1	63	Right	167	94	0.64	1.79	1.07	97
04:47:00	Wake	82	0.57	0	62	Left	96	91	1.89	1.09	1.19	75
04:47:30	Wake	290	-0.62	1	94	Supine	59	97	1.27	2.18	1.14	79
04:48:00	Wake	71	-0.49	1	69	Upright	161	92	1.45	2.37	1.08	81
04:48:30	Sleep	328	-1.7	1	90	Left	24	96	1.58	1.66	0.84	87
04:49:00	Wake	351	1.15	2	78	Right	171	99	1.88	2.19	0.86	81
04:49:30	Sleep	140	-0.33	3	88	Left	80	91	2.5	2.34	0.99	81
04:50:00	Wake	219	1.62	0	84	Supine	128	91	1.06	1.19	0.91	68
04:50:30	Wake	385	-1.88	0	88	Supine	170	93	0.8	1.4	1.11	67
04:51:00	Wake	233	-1.82	1	99	Right	133	95	1.09	2.16	1.14	87
04:51:30	Sleep	59	1.43	1	90	Left	58	98	2.0	2.04	1.15	72
04:52:00	Wake	75	-1.35	2	95	Supine	34	95	1.52	1.02	0.95	88
04:52:30	Wake	59	0.76	3	65	Left	85	98	0.53	1.63	1.05	82
04:53:00	Wake	220	0.08	3	95	Upright	58	94	1.77	1.31	0.92	82
04:53:30	Wake	78	0.74	1	79	Left	194	99	1.98	1.84	0.95	66
04:54:00	Wake	427	-1.75	0	57	Right	190	94	1.78	1.76	1.04	70
04:54:30	Wake	493	0.83	3	76	Upright	141	90	1.64	1.3	0.99	61
04:55:00	Sleep	259	0.06	2	87	Upright	41	94	0.76	1.31	1.08	59
04:55:30	Wake	245	1.41	1	82	Upright	158	94	0.88	2.11	1.08	66
04:56:00	Sleep	519	1.71	3	67	Right	60	96	1.1	0.93	1.04	94
04:56:30	Sleep	369	0.56	2	58	Supine	121	92	1.92	1.49	0.8	98
04:57:00	Sleep	422	1.45	3	93	Supine	129	93	0.66	0.9	0.88	58
04:57:30	Wake	54	-1.79	0	57	Upright	192	96	0.66	2.3	0.9	89
04:58:00	Wake	472	0.84	3	56	Upright	194	95	1.03	1.6	1.0	85
04:58:30	Wake	358	0.4	0	58	Left	79	91	1.36	1.27	1.05	67
04:59:00	Wake	361	-1.72	0	97	Supine	164	99	0.71	1.28	0.94	59
04:59:30	Wake	206	-1.0	2	90	Upright	86	100	1.91	2.11	1.01	81
05:00:00	Wake	414	-0.06	2	96	Supine	142	90	0.86	0.75	0.8	90
05:00:30	Wake	10	-0.11	1	85	Right	25	95	1.65	1.9	1.04	66
05:01:00	Sleep	453	-1.43	3	87	Left	114	94	2.43	0.54	0.97	87
05:01:30	Wake	480	-0.81	0	76	Upright	12	93	1.43	2.13	1.04	86
05:02:00	Sleep	235	-1.76	3	79	Right	10	90	0.99	0.77	1.0	72
05:02:30	Wake	26	1.03	2	78	Supine	158	97	2.19	1.69	0.92	84
05:03:00	Wake	109	-0.9	2	78	Right	110	100	1.61	2.03	1.01	68
05:03:30	Wake	456	-0.09	3	69	Supine	60	98	2.22	1.72	0.99	89
05:04:00	Wake	584	-0.85	0	59	Right	138	99	0.6	0.86	1.16	93
05:04:30	Sleep	263	-0.82	0	72	Left	34	96	1.71	1.17	1.12	94
05:05:00	Sleep	418	0.02	3	79	Right	46	100	1.96	2.36	0.86	80
05:05:30	Sleep	547	-0.59	2	72	Left	123	100	1.33	0.69	1.18	77
05:06:00	Sleep	4	-0.26	2	67	Upright	60	98	1.03	1.86	1.15	85
05:06:30	Sleep	210	-0.23	0	81	Supine	42	92	1.54	0.64	1.06	96
05:07:00	Wake	264	-1.31	0	73	Supine	6	100	2.2	1.09	0.93	73
05:07:30	Sleep	515	1.81	3	66	Upright	10	97	0.69	2.32	0.87	100
05:08:00	Wake	361	0.53	1	69	Right	122	95	1.1	2.0	1.12	71
05:08:30	Wake	457	-0.58	0	93	Left	166	90	0.79	1.23	0.87	82
05:09:00	Wake	408	1.88	0	97	Left	85	97	1.12	0.84	1.12	93
05:09:30	Sleep	560	0.41	2	81	Supine	129	98	1.03	1.9	1.2	63
05:10:00	Wake	114	-0.02	0	70	Upright	183	90	1.22	1.33	1.17	88
05:10:30	Sleep	407	-0.94	3	58	Left	159	100	1.01	1.63	0.95	97
05:11:00	Sleep	299	-0.12	0	56	Left	181	95	2.11	1.34	1.03	94
05:11:30	Sleep	102	1.95	2	69	Left	56	91	1.62	1.69	1.19	81
05:12:00	Wake	101	-0.12	0	72	Upright	38	90	2.31	1.56	0.84	60
05:12:30	Sleep	78	0.14	3	63	Supine	20	99	1.61	1.95	0.93	99
05:13:00	Sleep	81	-1.09	3	97	Right	103	91	0.74	1.71	1.07	59
05:13:30	Sleep	432	-0.64	2	95	Supine	86	93	1.62	1.95	1.15	91
05:14:00	Wake	166	0.88	1	97	Supine	99	94	2.2	0.6	0.96	73
05:14:30	Wake	429	-1.15	1	67	Left	154	97	0.89	2.48	1.09	61
05:15:00	Wake	439	1.84	0	72	Left	95	100	2.2	1.86	1.16	60
05:15:30	Sleep	138	-0.68	0	55	Upright	60	94	1.56	0.62	1.18	87
05:16:00	Sleep	496	-1.81	3	57	Upright	120	99	2.39	2.15	0.91	80
05:16:30	Wake	504	0.59	2	88	Supine	192	93	0.53	0.84	0.92	77
05:17:00	Wake	54	1.82	2	63	Supine	132	91	0.55	2.1	0.81	96
05:17:30	Wake	48	0.67	1	94	Right	5	96	0.79	1.41	1.08	55
05:18:00	Sleep	44	0.45	3	98	Supine	1	90	0.96	1.7	0.87	96
05:18:30	Sleep	564	-0.34	3	91	Right	19	94	1.73	0.57	1.01	84
05:19:00	Sleep	481	-1.51	1	99	Right	68	92	1.4	1.53	1.09	81
05:19:30	Sleep	421	-1.1	1	71	Supine	117	97	1.36	1.33	0.93	71
05:20:00	Sleep	334	0.1	2	85	Upright	1	99	0.79	0.94	0.92	93
05:20:30	Sleep	400	0.32	1	92	Upright	106	97	2.07	2.17	0.88	71
05:21:00	Wake	38	1.29	1	63	Right	16	94	0.57	2.14	0.97	72
05:21:30	Wake	116	-0.21	2	72	Right	135	92	0.95	1.93	1.19	72
05:22:00	Wake	231	-0.15	2	97	Upright	7	98	0.88	1.42	1.11	75
05:22:30	Sleep	572	0.54	0	58	Left	155	98	2.27	1.38	0.9	88
05:23:00	Sleep	461	-1.06	0	61	Upright	100	94	0.6	1.02	1.13	66
05:23:30	Wake	348	-1.28	0	69	Left	179	93	1.53	1.1	1.16	80
05:24:00	Sleep	50	0.44	3	70	Supine	8	93	2.12	0.72	1.2	61
05:24:30	Wake	179	-1.8	0	63	Upright	32	93	0.66	2.21	1.15	81
05:25:00	Sleep	547	0.34	0	84	Supine	96	90	1.83	1.99	0.95	85
05:25:30	Wake	124	-1.38	0	85	Right	96	93	2.09	1.5	1.1	69
05:26:00	Wake	178	1.1	0	82	Left	134	99	2.39	0.68	0.97	100
05:26:30	Sleep	371	-1.42	1	91	Right	175	92	1.9	1.41	0.85	81
05:27:00	Wake	280	-0.5	0	62	Right	13	97	1.53	1.08	0.98	90
05:27:30	Wake	312	0.2	1	61	Upright	48	94	1.37	2.01	1.01	97
05:28:00	Wake	378	0.59	0	65	Supine	186	96	1.1	0.56	1.19	89
05:28:30	Sleep	581	-0.99	3	79	Right	181	91	1.74	2.04	0.94	100
05:29:00	Sleep	344	1.72	0	70	Left	35	100	2.44	1.38	0.97	64
05:29:30	Sleep	302	1.17	1	92	Right	172	92	1.86	1.16	0.82	73
05:30:00	Wake	317	-0.64	1	95	Left	115	90	2.0	0.82	1.05	62
05:30:30	Sleep	486	0.51	2	70	Upright	170	92	1.56	1.84	0.82	76
05:31:00	Wake	222	-0.4	0	83	Left	63	90	1.16	0.81	1.14	97
05:31:30	Sleep	90	-1.76	2	66	Upright	44	98	1.25	0.53	0.87	76
05:32:00	Wake	309	0.82	1	64	Left	157	96	2.24	2.34	1.03	73
05:32:30	Wake	148	-1.99	0	66	Right	92	99	2.18	0.68	0.94	77
05:33:00	Wake	520	1.69	1	88	Right	44	91	1.26	0.65	1.13	95
05:33:30	Sleep	205	-0.54	2	93	Upright	16	100	2.34	0.98	1.07	97
05:34:00	Sleep	412	0.85	2	81	Supine	113	96	2.16	1.43	0.88	90
05:34:30	Sleep	548	-0.37	3	68	Right	9	98	0.69	2.48	1.03	79
05:35:00	Wake	242	-0.33	1	69	Left	141	99	1.77	2.33	1.19	57
05:35:30	Wake	122	-0.46	1	81	Supine	173	90	0.71	0.82	0.95	79
05:36:00	Wake	76	0.92	2	83	Upright	174	94	2.05	1.79	1.19	71
05:36:30	Sleep	356	0.11	2	72	Upright	76	91	0.98	2.27	0.88	78
05:37:00	Sleep	324	-1.66	3	99	Right	6	97	0.66	2.38	0.8	77
05:37:30	Wake	209	-1.45	2	85	Upright	98	97	0.73	1.54	1.04	80
05:38:00	Sleep	45	-0.25	0	71	Left	190	95	2.45	1.75	1.05	86
05:38:30	Sleep	569	-0.09	1	91	Supine	100	90	2.02	1.6	0.91	96
05:39:00	Sleep	490	0.32	3	68	Right	121	92	1.6	1.65	0.86	69
05:39:30	Sleep	528	-0.42	0	84	Right	73	92	1.18	1.96	0.84	56
05:40:00	Sleep	301	-0.49	0	100	Right	169	96	2.44	2.08	1.13	69
05:40:30	Sleep	133	0.18	3	76	Supine	188	90	2.39	1.4	1.18	91
05:41:00	Wake	84	0.95	0	94	Upright	129	97	0.82	2.29	1.14	78
05:41:30	Wake	324	-1.94	3	70	Supine	175	96	1.84	1.87	1.05	100
05:42:00	Wake	556	0.88	2	68	Upright	78	96	2.37	2.12	0.8	89
05:42:30	Sleep	125	1.77	3	93	Upright	117	92	1.61	1.8	1.15	94
05:43:00	Wake	455	-0.72	1	88	Left	77	100	1.43	1.06	0.88	64
05:43:30	Wake	487	1.61	0	81	Upright	182	90	1.2	2.01	1.16	75
05:44:00	Sleep	355	-0.38	0	69	Supine	66	99	0.88	1.22	0.85	57
05:44:30	Sleep	97	0.56	2	58	Supine	30	93	2.47	0.72	0.93	64
05:45:00	Sleep	57	-0.03	2	70	Right	173	93	2.32	1.95	1.06	63
05:45:30	Sleep	227	1.72	3	82	Right	120	95	1.08	2.46	1.18	90
05:46:00	Wake	108	1.9	3	78	Left	192	100	2.16	1.84	0.96	92
05:46:30	Sleep	320	1.56	0	56	Left	36	94	1.54	1.91	1.01	98
05:47:00	Wake	114	-0.49	2	91	Right	165	94	1.96	2.37	0.82	84
05:47:30	Sleep	215	-1.94	3	68	Right	58	94	1.54	2.42	0.96	76
05:48:00	Wake	501	1.02	3	64	Supine	91	93	1.43	2.33	1.01	74
05:48:30	Wake	504	0.86	0	98	Supine	166	98	2.15	1.49	0.8	79
05:49:00	Sleep	309	1.24	0	99	Right	156	100	1.32	0.65	0.88	85
05:49:30	Wake	224	-1.58	3	69	Upright	152	91	1.92	1.59	1.01	73
05:50:00	Wake	83	1.79	1	89	Supine	102	92	1.07	2.19	1.0	69
05:50:30	Sleep	100	1.52	1	81	Right	141	93	1.55	1.28	0.9	76
05:51:00	Wake	365	1.59	0	85	Right	68	100	1.41	0.84	1.01	64
05:51:30	Sleep	144	0.73	3	79	Right	31	96	1.81	1.85	1.07	97
05:52:00	Sleep	517	-1.56	1	95	Supine	165	93	2.11	1.87	0.96	70
05:52:30	Wake	571	-0.18	1	96	Left	122	97	2.05	1.5	1.1	98
05:53:00	Sleep	197	-0.58	2	77	Left	50	95	1.65	1.63	1.17	70
05:53:30	Sleep	152	-1.86	1	89	Upright	18	90	1.81	1.69	1.18	97
05:54:00	Sleep	421	1.49	0	85	Left	113	100	2.09	1.02	1.12	83
05:54:30	Sleep	313	-1.73	3	84	Supine	72	93	0.87	1.7	0.82	89
05:55:00	Wake	590	0.92	2	95	Right	173	91	1.33	0.85	1.15	87
05:55:30	Wake	244	0.57	2	78	Supine	48	90	2.23	1.52	1.0	89
05:56:00	Wake	51	-0.92	3	86	Supine	46	95	2.18	1.29	0.81	73
05:56:30	Wake	200	-1.84	1	63	Supine	125	93	2.18	1.29	1.16	100
05:57:00	Sleep	304	1.24	1	68	Left	59	97	1.25	0.54	1.15	90
05:57:30	Wake	237	-1.76	1	63	Supine	94	92	1.9	1.59	1.19	74
05:58:00	Wake	236	1.22	0	62	Left	92	94	0.94	1.87	1.06	55
05:58:30	Sleep	533	-0.25	0	85	Supine	103	95	2.38	2.23	1.08	62
05:59:00	Sleep	47	1.27	0	60	Left	4	91	1.89	1.83	1.16	99
05:59:30	Sleep	536	1.32	2	95	Upright	35	99	1.65	2.15	0.87	60
